[[-10.99325644  14.55330673   1.89663327  -0.51956878  -3.44140543
    4.00048487  -2.11149174   6.80130929  -0.27916853 -16.51990881
   -3.4517702   -2.91591641   6.21140671   3.22957535   0.48218411
   -0.70793169]
 [  2.41930967 -19.68560183 -10.02449856 -11.23458139  -2.83626688
    0.21739554  -4.80507358   5.37920166   5.11990898  -6.19858668
   -2.81816396  -3.56574068  -2.93455188   1.78998425   2.85635422
    7.94745875]
 [  3.00270639 -15.34112575  -8.98408773 -10.23727416   0.15738524
    3.71719248  -3.49424843   2.2177016    5.6936775   -4.15944426
    0.16306045  -5.80766474  -5.65872672  11.04893446   5.87408256
   -3.46552354]
 [  1.09392126  -2.29875055  -0.37013563   0.33332272   0.27299665
   -0.47595759  -0.53826746  -0.37616094   0.55068615   1.20708068
    0.25588592   0.14794266  -0.18580883   0.02653878   0.10714769
   -0.1391631 ]]
